
[DEBUG] Running o4-kmeans-1 with: /proj/cse375-475/exchange/datasets/dataset_10000000.txt
Number of rows: 10000000
Total time: 3629508
Break in iteration: 11284

Cluster 1: 50.2429 35.902 34.5077 37.1671 60.83 37.0856 34.1294 48.9651 39.3554 50.2488 34.4458 38.4066 39.563 38.5675 61.4369 35.766 50.1595 38.3658 58.4754 63.7221 35.3286 59.2452 50.2072 66.3683 50.0583
Cluster 2: 50.1555 37.7879 61.9529 40.8199 62.5073 36.3461 63.9937 49.4634 64.981 49.3667 60.2944 56.6866 64.7123 64.7134 36.8697 38.2577 50.4637 33.9277 65.525 35.7023 36.1532 36.5284 49.6686 57.9892 50.1655
Cluster 3: 49.048 63.9653 37.5956 35.6675 62.0431 61.671 63.9959 50.3649 36.5112 50.0692 41.1266 63.3433 36.5412 61.0598 37.1666 63.3391 50.4664 63.6173 59.8545 65.9767 35.1199 34.8476 49.6439 42.0083 50.1248
Cluster 4: 49.4215 35.9184 60.3294 64.1734 63.5885 39.3084 65.1211 51.0457 37.1934 49.6324 61.2117 65.0607 34.9379 38.074 37.2409 63.0355 50.1602 37.125 32.8454 59.9672 61.9171 61.9925 50.3107 58.5894 49.5676
Cluster 5: 50.2671 36.537 36.4289 39.4641 63.4431 65.9688 35.4502 49.53 62.3063 49.6291 62.0239 63.6816 63.6256 34.6167 62.2965 65.6883 50.5339 63.122 44.1548 41.0134 59.7804 37.1575 50.0485 63.7899 49.5474
Cluster 6: 49.7146 36.34 36.6228 37.8345 34.1517 60.6697 65.1618 50.3271 35.2644 50.0441 35.8882 62.2684 57.229 65.0569 64.0683 38.1536 49.5173 35.1895 35.3529 39.2377 64.0463 50.5487 49.9159 38.7701 50.5622
Cluster 7: 49.7889 34.5197 64.6334 64.638 58.6795 40.8179 40.0294 49.493 36.5266 50.2851 37.509 37.3707 38.7212 61.849 62.2493 64.6203 49.5438 61.1299 66.439 34.4474 62.1766 37.5567 49.2918 36.7557 50.7312
Cluster 8: 49.7129 64.3904 64.6065 37.0089 34.6562 64.4738 59.9 49.956 38.9077 50.337 63.7837 42.1139 40.7883 37.8025 64.1868 64.5406 50.6261 37.5171 65.1969 33.9494 40.2167 62.5888 50.3421 60.8111 50.6447
Cluster 9: 50.2197 64.6062 60.9744 35.2635 60.5753 37.8586 63.3124 50.6814 63.7897 49.9634 38.8162 35.7648 64.1095 64.2445 62.7185 59.7487 49.0442 62.6025 40.5769 63.6562 64.6494 65.5847 48.8372 60.5476 50.4094
Cluster 10: 50.6198 42.5409 36.6587 38.3514 36.5918 35.8131 36.3741 50.7446 63.8612 50.0772 62.5206 44.0261 35.0424 63.6303 36.1877 63.3138 50.9011 57.4606 34.7242 36.3802 37.1664 65.8294 50.9311 36.7046 49.8647
Cluster 11: 49.903 43.5465 65.1924 33.7329 35.1346 41.7407 39.3124 50.1226 36.4129 51.1507 63.282 58.7435 63.1641 37.2446 38.7354 34.9975 50.2423 66.8573 63.2853 65.2422 62.1153 55.7542 50.2879 35.0396 50.292
Cluster 12: 51.0991 62.283 62.8052 37.1565 61.7007 64.3491 40.7755 50.1467 60.8499 50.3133 38.8722 34.0682 36.9966 35.4284 33.1567 37.1475 48.9734 36.3169 35.6499 42.057 63.106 37.0748 49.6546 38.07 49.2352
Cluster 13: 50.0237 64.1521 34.3722 60.8152 36.8139 45.5088 36.699 50.6248 36.1488 49.5517 62.3793 34.5253 63.2971 63.1166 36.2233 59.3433 50.4118 34.4468 51.4699 59.6949 64.1799 34.2507 50.9701 65.2814 49.6221
Cluster 14: 49.944 62.3825 36.9948 61.1802 33.9867 35.8315 60.7631 49.2982 64.4738 50.1283 36.06 63.0176 35.4299 37.1209 43.8034 38.0916 50.7374 64.4906 62.4036 36.1715 64.106 47.3968 49.2423 65.9882 50.0913
Cluster 15: 50.702 58.0644 62.6129 64.7873 54.5079 64.9922 33.6188 50.4644 36.6364 50.7476 35.791 61.3033 63.3234 61.3414 36.633 40.8069 49.5026 61.5816 40.2233 36.5886 35.3237 66.7101 49.7104 65.0532 49.8472
Cluster 16: 49.5885 61.5756 62.5591 58.3758 35.9428 35.2966 38.5709 49.2854 60.9212 49.4501 36.3529 67.2545 59.3355 38.956 64.9041 62.8612 49.1828 36.142 39.2005 61.3038 33.1239 35.9932 49.1477 37.8726 50.4618
Cluster 17: 49.7932 63.306 35.9408 63.314 63.6967 39.3186 64.57 49.001 36.7427 50.3156 65.4891 36.2463 62.1732 35.5264 61.1449 36.152 49.2449 61.7333 38.1199 38.3123 37.4007 46.7846 50.4077 34.5937 49.5955
Cluster 18: 50.6213 62.8374 43.2202 63.5445 63.2619 61.0311 38.0315 49.4567 64.6015 49.6827 65.5841 63.5352 39.273 64.7858 64.7094 37.3106 49.539 38.1217 64.6186 60.2743 59.6055 65.4207 50.9316 36.0695 49.7978
Cluster 19: 49.7926 34.0464 39.9135 65.9273 43.6862 66.8712 62.4896 50.8131 64.6295 49.7323 36.4277 35.0431 66.2964 37.5516 35.9649 61.8272 50.5677 45.7088 64.0584 59.6821 44.9281 63.8487 50.391 37.0456 49.8089
Cluster 20: 49.3799 35.7517 62.3621 60.6296 34.5258 65.0272 57.7677 50.3287 59.8328 49.0797 62.0315 37.6493 35.3116 59.2973 60.1571 35.0263 50.2147 64.4709 37.5234 66.7285 39.1595 34.7153 50.1128 62.3066 49.81
[DEBUG] Running o4-kmeans-1 with: /proj/cse375-475/exchange/datasets/dataset_1000000.txt
Number of rows: 1000000
Total time: 43206
Break in iteration: 1374

Cluster 1: 65.1992 50.784 64.0167 50.6344 48.7804 66.4696 60.8922 62.3944 60.9873 51.453 40.7646 64.8271 48.5891 60.8201 58.9688 51.4199 55.7208 33.9872 64.6642 63.2229 35.7139 63.1525 62.5558 66.5578 40.8259
Cluster 2: 36.4732 50.259 65.2857 52.437 47.0705 40.0993 59.4569 67.7255 35.4996 49.4761 63.2095 63.6534 49.3819 33.2504 32.762 52.6415 61.8657 50.1734 60.9426 40.3681 62.8432 40.1133 60.0759 65.1291 62.5956
Cluster 3: 64.1801 52.5814 38.5959 50.6562 50.2546 33.3666 46.4403 67.4361 64.0033 49.0774 64.7314 38.5258 52.982 63.5842 60.1582 50.1674 61.2147 43.5146 67.5293 36.4907 40.2754 35.3157 32.9066 39.4365 56.4128
Cluster 4: 30.921 50.0383 36.2162 51.6709 49.3821 37.7001 40.6023 37.4794 64.0302 51.7369 33.4639 59.4892 50.7719 35.4689 67.4854 49.1493 52.3191 62.0847 62.2343 42.9313 38.2235 63.0451 45.2989 65.4509 65.1
Cluster 5: 63.8735 52.9901 38.2662 52.5093 49.6794 68.3553 39.6422 33.0806 39.1084 47.6847 64.1458 37.4777 48.6875 66.2525 55.9495 48.413 64.6559 62.8071 47.4731 42.5388 61.2587 51.3208 67.1737 65.2085 64.6492
Cluster 6: 57.8281 49.2613 32.1444 48.7465 50.2718 45.1019 64.6906 37.3663 37.6667 52.0624 33.2247 60.9063 50.8358 64.4514 38.0384 50.984 31.4251 41.9832 63.3403 33.718 65.8638 41.9463 39.7958 58.2414 37.8243
Cluster 7: 43.0779 47.0464 39.6904 45.7783 47.0959 64.7186 62.993 64.7708 33.817 54.71 34.6975 36.2697 48.6113 36.4126 64.0193 49.2071 59.07 62.8043 46.06 37.7921 38.1751 38.6989 62.7697 37.2335 32.5699
Cluster 8: 65.6836 50.1732 37.1582 51.4743 50.252 67.3049 39.2172 61.7997 36.151 49.8158 51.9912 65.6149 51.7844 37.5301 34.5815 48.0522 38.0163 63.418 55.062 63.0771 38.4287 58.5716 35.7053 36.5536 65.889
Cluster 9: 60.2237 49.4773 40.156 52.8696 51.3452 40.0725 37.7658 55.8279 54.9733 51.0031 61.516 34.683 51.7155 33.5211 36.9649 53.0015 35.2455 33.0601 33.7009 35.761 38.4309 65.912 62.0336 63.5748 37.9979
Cluster 10: 44.3763 51.7761 66.2618 51.7455 47.4291 66.4069 61.6506 32.8529 66.6741 48.578 40.6852 46.1767 52.1935 50.8116 31.4336 48.2831 58.2259 40.2791 36.7212 33.865 34.5853 38.1665 38.5164 41.8483 65.7993
Cluster 11: 62.1418 51.0863 60.6691 47.5003 48.4673 46.5671 34.1719 40.3685 67.1699 48.0225 36.8169 34.6648 48.2988 33.7249 36.89 49.2541 50.6435 61.1903 65.7597 66.7553 64.6182 32.7237 58.0052 48.548 37.0709
Cluster 12: 37.7222 49.7147 64.3562 51.7006 48.6221 36.7109 61.188 40.3488 39.6655 50.383 59.3837 32.5731 48.0393 66.5642 42.0896 49.1227 33.8881 62.4727 66.9016 59.4083 33.9416 65.7189 61.3294 38.2166 52.675
Cluster 13: 33.1971 46.5496 36.3861 50.5495 55.6229 59.0036 62.1674 63.0305 67.2751 50.4265 57.2331 41.6775 47.779 59.185 35.8412 48.6695 60.8549 63.7545 39.9838 61.8495 64.4363 65.7078 32.1446 58.3942 36.6288
Cluster 14: 35.2636 48.5582 63.8013 50.7422 47.4421 55.9399 33.3787 64.963 37.1635 49.3643 37.9604 34.5898 51.3297 62.5314 62.7251 50.7777 32.7931 40.3199 38.3099 59.2351 55.1049 37.5118 36.7586 66.1534 60.9628
Cluster 15: 36.9401 49.7045 65.3884 47.2568 53.1876 66.8808 33.4986 38.2087 45.8337 50.123 66.4363 57.6556 50.159 41.3009 63.682 53.0944 50.2614 37.9349 62.5344 36.462 62.2036 62.6371 38.9405 34.5488 33.1562
Cluster 16: 62.0427 48.0276 63.2907 47.9321 51.7058 39.9611 59.8416 37.214 48.3977 48.729 67.4206 64.4645 46.9695 45.6093 63.9811 50.8369 42.3143 68.8298 32.4671 56.3389 38.2934 34.2643 36.6676 64.0387 35.1969
Cluster 17: 58.9821 47.993 63.0372 48.9567 50.7721 36.4652 39.1169 63.4096 60.9035 50.5871 36.6632 66.2812 52.6568 66.427 51.8163 51.4921 46.7312 65.3267 32.1779 34.7861 63.6546 61.5991 63.3064 33.3406 54.0287
Cluster 18: 35.1658 53.3881 35.8787 48.7373 49.9943 37.5631 32.7738 41.3903 39.0175 47.9915 48.075 65.2027 49.9676 63.5372 38.325 47.8954 68.4778 35.5603 40.3522 66.6468 36.8424 39.4595 59.939 40.3159 38.0834
Cluster 19: 41.1007 49.0892 34.1058 47.4451 52.8283 55.9802 65.3504 49.1828 67.0175 51.9311 62.0222 55.5243 49.6163 42.0952 64.2552 50.8283 32.0312 35.9225 43.7145 64.3886 63.7095 37.1273 67.5574 36.0836 63.9717
Cluster 20: 65.5343 52.1354 55.3874 51.9748 50.4087 33.9397 65.3062 40.5145 34.4676 46.6808 40.145 38.1221 49.8352 36.3432 59.6706 46.1917 66.1224 34.8132 39.9196 63.7403 63.5963 67.1239 37.8468 41.9121 58.7786
[DEBUG] Running o4-kmeans-1 with: /proj/cse375-475/exchange/datasets/dataset_100000.txt
Number of rows: 100000
Total time: 3977
Break in iteration: 1320

Cluster 1: 58.5953 30.5164 42.814 42.6915 33.2391 63.409 64.6186 58.0515 52.3514 63.089 44.7655 56.5479 43.5305 68.6647 70.5512 37.0181 50.0075 45.0877 43.7407 44.8479 38.2052 34.9292 63.8142 43.6573 43.009
Cluster 2: 34.3503 64.9209 42.213 57.9381 52.1125 63.5376 65.5294 39.7504 64.6211 53.2413 42.0806 65.1862 35.9362 32.4737 62.139 70.1204 39.4131 46.1753 38.0739 62.4842 46.8139 53.9832 53.7235 57.7151 43.5343
Cluster 3: 53.1327 42.8819 54.3322 42.954 66.7878 42.8468 38.3838 65.7943 45.282 66.5187 49.6495 65.5883 55.6345 34.8094 36.0361 66.2609 52.1417 59.4435 32.1481 43.0222 39.8537 36.5509 60.99 36.7538 40.8097
Cluster 4: 53.3822 68.1421 55.4194 40.2219 34.1376 40.5568 35.5967 68.577 56.4428 43.6143 59.3237 68.9776 52.8763 65.897 62.164 56.5333 57.1479 52.7032 45.8883 54.3796 40.3102 69.0555 34.4124 57.275 49.1381
Cluster 5: 68.1673 54.9283 47.5247 37.3296 68.4958 60.1952 61.5914 37.9787 60.7667 35.6924 57.2307 43.1645 62.8364 47.6866 48.8622 36.669 54.6034 56.1491 34.1222 48.7024 57.4423 38.7826 36.2011 63.2024 30.8263
Cluster 6: 57.0278 58.7674 54.9411 59.6108 30.1531 58.3028 38.0655 44.8861 59.6103 29.098 48.4728 34.4662 42.045 46.9041 35.806 66.4653 59.4755 55.5868 61.6657 34.8809 45.8913 44.2919 64.3527 48.6253 33.7223
Cluster 7: 34.0519 34.8139 50.2434 65.0822 33.8727 34.6076 60.5432 38.5982 57.7278 37.6934 52.5261 52.2027 59.1494 37.105 62.0617 39.0042 65.6121 61.2238 40.1757 45.5414 54.6919 39.661 39.4501 39.6887 65.4947
Cluster 8: 60.19 52.7335 50.4405 60.7203 63.1507 35.3524 57.4557 69.5378 58.0288 61.7386 43.578 29.2304 40.2655 38.8397 64.8255 42.235 46.5268 63.5973 58.5877 36.1827 52.9013 66.1754 55.1728 62.7688 58.8746
Cluster 9: 36.6685 47.2892 44.8013 64.5856 52.2186 56.2254 61.3349 67.2927 45.6702 48.7828 42.3897 35.9606 61.466 66.2348 38.2588 60.6547 58.5836 35.7684 30.8986 49.3889 67.2359 68.1219 41.0246 44.1481 42.228
Cluster 10: 46.3067 67.0122 39.0733 59.1378 60.2978 63.3622 37.7902 57.7449 64.6879 60.4663 53.5399 57.7343 49.946 50.5339 38.7429 30.8518 66.0386 34.1377 64.3362 52.5301 55.4503 32.5976 56.8196 50.4673 66.2945
Cluster 11: 58.1208 33.103 53.2377 51.6361 48.1618 55.1056 49.6026 53.7789 36.7302 30.0688 48.9813 64.6922 43.4784 37.4462 33.0329 32.2722 39.3362 44.4459 36.8149 52.7635 42.905 65.1936 62.0416 64.5768 65.9098
Cluster 12: 39.8979 43.0734 52.2406 37.6377 64.5006 67.2697 51.3892 35.6601 57.0467 55.6117 58.3386 39.6719 41.2839 63.1178 39.7537 57.258 49.1524 65.6937 54.1547 40.187 35.37 64.8076 37.6276 35.087 69.2637
Cluster 13: 64.7775 65.7433 60.715 52.0983 39.3136 59.1354 32.2724 36.0989 38.0137 62.1439 41.9303 39.7645 48.5806 50.4898 63.0912 48.8324 36.6614 42.0029 32.8998 43.9157 64.4349 40.6161 37.2169 41.9177 65.006
Cluster 14: 42.1445 48.1558 50.3017 45.4915 58.1978 44.4362 34.5816 42.3827 54.0685 48.1473 53.7342 32.9814 63.8816 44.3704 68.2836 37.8954 38.5557 35.9877 58.4255 65.2364 36.6072 66.785 65.7803 32.9243 39.9491
Cluster 15: 58.7015 34.615 39.0065 39.276 41.1673 39.1935 48.7189 59.0798 55.8849 48.2165 56.7084 31.2441 54.9509 44.1986 41.5095 70.2448 41.3253 35.8892 60.4524 65.4915 44.6959 35.1672 36.7333 63.4788 64.3989
Cluster 16: 58.1752 59.5784 43.1343 49.0291 34.0658 40.1149 68.5019 38.417 38.3504 67.0364 50.2511 60.2695 55.4584 36.8694 32.4259 38.3549 50.2122 45.4751 66.3513 46.7396 43.2017 63.3745 38.2897 37.2456 35.7502
Cluster 17: 34.6751 63.5208 55.3444 47.9076 47.8376 34.8266 53.3145 41.9591 32.9771 54.8841 56.2699 32.7723 35.7867 64.5988 42.6847 42.1448 56.5134 59.7914 37.7063 67.0948 48.6935 35.1732 65.9774 64.5785 45.3951
Cluster 18: 52.2934 60.3414 55.6707 40.6239 61.3008 33.2576 69.6914 46.3797 45.1485 34.0609 44.8148 65.9325 57.8781 66.4408 50.3515 61.9851 39.0741 43.1108 66.3974 41.1836 62.0504 43.1566 64.8902 41.7509 61.8911
Cluster 19: 54.9927 31.791 54.3359 55.0687 52.9916 58.3733 37.2734 34.0304 40.2597 62.3571 44.0266 62.322 58.1557 55.0981 57.4607 64.4704 64.6111 60.6272 68.1141 62.0988 64.901 61.8593 58.8883 66.4031 47.5279
Cluster 20: 32.499 38.966 54.6822 53.1224 60.7449 51.4227 36.7456 62.6099 38.1166 38.6812 49.5952 60.0917 39.4592 45.998 54.7715 40.4725 35.2614 55.409 67.8182 44.776 60.3753 34.4988 28.6793 49.2447 32.273
[DEBUG] Running o4-kmeans-1 with: /proj/cse375-475/exchange/datasets/dataset_50000000.txt
Number of rows: 50000000
Total time: 9466831
Break in iteration: 5816

Cluster 1: 36.3729 50.1479 61.3638 63.3356 38.0227 63.3472 36.1955 62.9654 36.9704 63.3879 38.1172 50.177 63.6631 37.4698 49.9297 64.52 37.3262 61.2867 49.9877 62.0786 37.2245 63.7674 50.0432 50.1283 62.9999
Cluster 2: 34.9375 50.1897 36.1202 41.2728 36.1086 62.6911 40.3394 65.2896 61.6081 61.6206 36.6055 50.1268 36.0199 63.9213 50.3124 36.4624 37.5173 37.1533 49.9031 37.0691 39.2021 34.5107 49.8827 50.0131 38.7472
Cluster 3: 63.2251 50.025 62.4814 66.177 63.3079 38.4618 35.1269 60.8939 63.7445 63.3556 36.2672 50.2563 35.7454 61.0624 50.0305 62.1262 63.5235 37.8622 49.7859 39.2692 66.163 59.8839 49.9013 49.4521 59.5986
Cluster 4: 36.5224 49.8233 38.4314 64.1187 63.0779 61.404 36.4032 37.138 64.9563 37.8135 60.4888 50.1425 34.8637 36.4807 50.4937 65.2764 40.8426 63.0142 49.7434 60.4112 64.1412 36.4553 49.5806 49.9576 38.7182
Cluster 5: 64.2769 49.5039 61.3924 61.8701 37.9059 41.5971 36.948 37.2324 35.166 35.4929 62.0724 49.9696 35.7003 36.0861 50.5385 38.454 37.5503 37.4381 50.2349 34.8802 37.3358 38.8793 50.1256 50.3702 64.5301
Cluster 6: 35.8192 50.0167 62.4574 65.3043 62.7103 63.2025 65.4351 40.5483 60.6027 35.317 36.8441 49.9915 63.4724 38.0832 49.7641 36.2733 63.5949 36.2441 50.2335 37.4653 39.4014 60.511 50.5659 49.5356 37.9044
Cluster 7: 32.5656 50.1136 35.6324 65.7566 37.0319 36.5449 63.6646 64.0042 38.3324 37.3299 60.847 49.957 60.202 61.8374 50.2853 60.4647 65.7811 35.7323 49.7942 57.1603 58.276 35.621 50.1836 50.2203 61.2354
Cluster 8: 38.9462 50.0025 66.0393 41.0963 36.1747 33.6495 37.7744 37.2465 37.8986 37.6426 37.4407 50.3256 37.5944 65.3224 49.7534 40.9524 62.9904 62.9866 50.4826 66.2714 51.5463 58.4505 49.9721 49.638 31.8542
Cluster 9: 38.0878 49.9076 59.6762 36.7345 61.6734 64.5872 39.2495 38.9825 37.6299 63.8389 62.941 49.5584 63.5675 59.6813 50.203 38.2611 63.7458 63.6138 49.9237 33.4054 64.7823 36.926 49.9497 50.3119 64.2954
Cluster 10: 37.2476 50.2388 36.7983 39.2138 62.9678 36.6621 64.3337 37.8031 39.2987 64.7304 38.8912 50.1606 38.7749 35.2828 49.7439 36.7576 35.7161 36.5906 50.315 61.8148 64.1662 61.6265 50.2472 50.2738 63.4892
Cluster 11: 64.7773 50.0296 40.1948 51.8119 63.7299 60.9063 36.0172 62.8844 37.3202 38.1088 64.4608 49.8993 64.2185 64.7265 50.035 36.8346 35.2455 37.3892 49.8562 60.208 59.3443 67.655 50.5614 49.6502 36.0545
Cluster 12: 59.0467 49.6799 65.3708 36.9 62.8876 60.0938 61.5576 60.7749 37.4339 63.8001 62.8847 50.1196 36.0004 40.1057 49.5845 62.3788 63.8186 36.7108 49.8173 65.5818 35.6538 36.3906 50.075 49.918 35.8554
Cluster 13: 62.4013 50.3633 37.134 62.2298 63.387 37.5018 60.8749 35.0805 35.042 60.742 35.8715 49.6041 60.9358 64.7686 49.6335 63.3182 38.3854 63.2083 49.8584 38.13 36.3344 38.0808 49.9553 50.151 36.044
Cluster 14: 62.4424 49.8834 36.8523 63.7277 38.8403 63.7622 62.7991 37.4365 63.2983 62.2232 63.3664 49.7688 37.8402 63.5904 50.0581 36.9584 62.4395 62.4383 50.2973 63.2597 36.7572 63.567 49.476 49.9339 63.0339
Cluster 15: 48.7491 49.9633 36.858 34.5298 35.5912 36.5014 35.8112 35.3364 62.7081 61.4299 65.2801 49.7197 65.5219 37.6172 49.8678 65.9896 59.568 37.4083 49.9048 39.6608 43.3478 65.2198 50.2408 50.0274 38.3609
Cluster 16: 62.4189 49.8708 37.3688 37.5102 63.4119 37.64 37.1867 63.2298 62.9506 37.6734 36.1899 49.7341 62.6623 36.9368 50.0702 37.4191 62.617 61.9968 50.0183 62.791 36.1836 36.3588 49.0952 50.6802 63.7378
Cluster 17: 36.8643 50.4033 60.7877 35.2715 63.0581 38.5217 63.3378 62.8701 61.4497 35.4543 65.3793 50.4163 41.027 62.4411 49.9999 60.8917 34.4634 62.888 49.9025 37.101 36.5079 64.4191 49.9136 49.8152 60.8476
Cluster 18: 64.1382 49.8953 36.0079 39.0491 36.5359 64.6693 62.2689 61.7265 35.5974 36.7176 38.1057 49.7226 38.1433 35.5007 50.1577 58.6847 60.568 64.3588 50.0616 32.0147 65.4101 61.1139 49.9984 50.0072 46.4258
Cluster 19: 57.5903 49.9906 65.1925 58.999 36.3316 34.8714 64.4072 64.0903 63.565 63.9054 60.9429 50.3456 61.0973 37.1118 49.7836 33.8834 38.104 64.2143 49.9263 49.662 66.54 41.2981 50.2071 50.0755 34.7587
Cluster 20: 63.8466 50.0309 63.86 35.0546 37.224 63.3654 60.3954 34.4487 64.521 39.318 37.0823 49.9887 62.9999 62.0551 49.7766 64.0179 36.207 37.6102 49.9063 61.9151 61.6509 39.163 50.0555 49.7752 61.4997
[DEBUG] Running o4-kmeans-1 with: /proj/cse375-475/exchange/datasets/dataset_5000000.txt
Number of rows: 5000000
Total time: 622495
Break in iteration: 3838

Cluster 1: 44.0275 49.9448 36.8466 33.374 33.981 49.1282 50.2729 63.5637 48.2943 48.8794 64.9897 38.9069 61.7802 66.6242 37.0111 49.7506 35.1738 65.6323 48.9454 35.5133 34.1048 55.5357 39.62 38.7111 39.6308
Cluster 2: 60.6477 50.4149 62.7776 34.161 63.9308 50.7262 48.7043 62.3756 50.9968 48.6765 64.9413 61.1879 40.3712 36.4281 63.1971 51.0517 37.2801 37.4637 35.4539 39.2499 64.9356 39.3902 38.0546 36.5413 36.3619
Cluster 3: 63.3711 50.5609 64.2745 65.8966 64.3079 51.2972 49.3398 35.1059 50.0767 51.432 37.1326 35.8752 53.861 64.0657 55.2041 50.238 62.2119 61.8115 62.4288 38.7062 42.8164 33.5337 37.8135 34.4846 35.5985
Cluster 4: 34.9113 49.6183 64.3201 41.247 37.5847 50.593 50.6584 40.0763 48.6904 50.2937 37.1491 37.1474 37.222 35.5944 62.9898 49.6067 35.4847 63.08 63.2449 40.2056 61.1609 62.8124 64.834 34.9287 62.2561
Cluster 5: 63.4775 49.078 36.8504 64.1086 65.8599 50.1704 49.8813 58.737 50.369 49.4887 62.9361 37.1352 34.6047 61.3758 36.8808 49.3066 38.9321 36.8798 63.7214 64.4166 58.0934 62.3524 52.3028 34.5881 66.0426
Cluster 6: 61.0505 51.2009 61.3785 62.3334 35.1638 48.749 50.5542 61.9462 49.3791 50.7362 35.9909 61.1911 36.8123 36.1873 34.9429 49.3052 35.2529 63.155 41.0625 62.9948 34.3058 35.2337 35.9867 55.2198 62.6204
Cluster 7: 37.4539 49.7565 47.2251 37.1085 63.9168 50.2683 49.8742 61.2251 49.8343 49.9187 37.3689 61.9513 63.9848 60.4356 37.1885 49.7352 64.4132 65.3522 37.1136 63.0145 66.18 37.1374 63.013 34.7107 61.9099
Cluster 8: 64.768 51.117 62.0639 41.9661 38.8309 50.5442 49.7904 37.9084 50.5285 50.9736 59.3314 67.1303 63.4206 35.6947 35.8741 50.9847 62.7429 39.2192 63.6718 61.6111 36.7227 62.9433 64.6907 35.4244 38.6595
Cluster 9: 34.0327 48.2328 61.6159 35.3865 65.131 51.3706 51.0676 42.4574 51.3928 51.6452 45.9836 58.1384 64.5581 61.4454 63.5781 50.4443 35.9346 34.2838 62.5474 61.9044 32.9293 50.8159 34.606 61.2605 65.9771
Cluster 10: 38.0516 50.1134 34.5609 65.1411 65.8478 49.0465 50.3603 34.072 50.2697 49.0554 50.9145 66.071 59.7976 32.7211 33.2625 50.035 39.4072 61.4732 56.1277 35.662 62.994 61.5719 36.5754 60.2199 43.8131
Cluster 11: 58.7822 49.1378 63.4874 60.2742 65.1441 49.1343 50.4028 64.1474 51.4826 50.9656 65.0934 37.9467 63.1289 39.1427 57.8498 50.3099 60.3945 61.35 35.4681 36.8429 37.0442 62.7071 65.2556 64.6713 65.5828
Cluster 12: 65.3815 49.1727 38.5565 61.0386 34.8349 49.9346 51.0539 64.7552 50.9752 50.2517 36.2464 63.9015 66.0342 60.7175 62.9354 51.9455 39.0523 37.9289 64.171 34.2996 61.6118 39.6572 65.919 59.4997 52.7081
Cluster 13: 61.6917 49.2897 59.4853 36.9551 39.377 50.4469 50.2515 38.3597 50.1128 49.4857 36.8424 45.1053 41.7249 64.2842 34.2789 50.5451 64.8359 34.8292 34.7355 35.0864 63.257 66.391 36.0275 62.2871 60.7241
Cluster 14: 36.5751 48.6871 63.4099 61.774 41.2547 49.6869 50.7211 35.1858 50.3752 48.67 62.7919 33.2362 57.3371 56.1957 38.0564 50.3354 34.7448 38.8217 35.5396 62.5958 60.8833 34.1972 65.2891 62.9991 36.2166
Cluster 15: 37.6657 51.0244 40.0735 37.1026 61.1913 50.6653 49.2822 63.5891 49.9587 49.6233 38.6556 38.1887 33.5536 35.9404 35.9568 49.2292 63.2071 36.0718 64.5273 40.1225 36.9342 35.4413 61.4735 63.588 38.6149
Cluster 16: 63.8947 50.3476 33.0391 35.5982 39.4531 50.1822 49.4147 37.809 50.1216 49.6122 65.0549 36.6728 54.5331 37.2961 62.4239 48.9328 63.0995 62.7608 60.7764 63.8439 62.569 33.9852 38.1442 62.9291 60.7035
Cluster 17: 35.1837 51.1313 35.247 62.5088 40.7325 50.4173 50.1031 33.5497 50.4682 50.7565 64.4671 65.3019 34.7424 55.378 60.7521 49.3417 62.4759 40.6894 36.5454 37.0538 34.9853 37.2966 55.6617 36.801 64.3265
Cluster 18: 34.5169 49.9978 63.6316 60.6695 40.8359 48.8346 49.6436 66.3644 49.5585 51.2635 63.1087 63.5562 33.9282 64.475 59.4388 50.28 66.684 61.0714 64.3173 60.3401 60.3306 61.3306 42.573 63.1126 35.8382
Cluster 19: 64.3524 50.5591 34.7291 40.4335 61.0997 48.2846 48.8414 37.0436 47.7273 49.003 37.2371 56.3524 34.9727 60.7656 64.1062 49.5133 38.8971 63.1357 35.2935 62.8648 39.6612 63.1865 65.6045 60.5185 33.2369
Cluster 20: 39.7613 50.3035 36.2622 63.0594 40.9118 50.2315 49.7179 61.9485 49.3673 49.1034 33.7401 35.78 63.2857 35.5766 64.3815 49.4113 59.9398 35.1127 34.9048 63.9186 48.7994 64.6277 36.1849 37.5954 39.1558
[DEBUG] Running o4-kmeans-1 with: /proj/cse375-475/exchange/datasets/dataset_500000.txt
Number of rows: 500000
Total time: 44667
Break in iteration: 2800

Cluster 1: 56.9681 63.1043 51.1364 33.9482 45.6178 52.1605 48.293 33.5802 56.3494 59.2763 35.2854 35.4091 35.2084 41.5069 66.4321 36.71 52.7843 36.5808 59.6726 51.2563 34.4693 33.6471 55.1517 35.6893 38.8447
Cluster 2: 36.5646 64.4446 47.4022 35.919 49.3394 48.3263 48.3105 65.4471 61.9184 62.0977 66.3737 40.3304 52.0302 50.5448 64.3196 65.3642 55.3914 65.8018 35.0194 32.2723 55.4639 42.0705 52.998 38.4964 64.6896
Cluster 3: 36.1389 54.3271 49.0761 61.1743 46.1774 44.6065 50.013 38.814 37.063 59.9133 37.3148 37.9702 33.8101 45.6621 32.4933 69.1938 46.3971 35.8326 35.2227 67.5252 61.577 57.2169 49.9822 41.3036 62.5583
Cluster 4: 34.0854 34.998 50.1368 35.8351 51.9988 50.1635 51.6557 57.8909 58.1751 30.5871 32.0948 64.6506 64.2567 64.2216 43.5677 44.4861 47.5136 37.6478 37.079 52.9276 35.003 37.8429 50.4127 35.2237 57.532
Cluster 5: 61.5266 29.6212 44.8277 65.5703 49.6548 46.6606 52.8824 43.7311 66.2204 57.8827 37.8781 34.5285 65.8024 35.7841 57.3671 35.9907 47.1911 59.5923 45.1869 40.2794 57.5816 65.0428 42.1709 35.938 61.4928
Cluster 6: 58.5608 35.4764 53.4134 63.9352 47.5432 54.1795 53.4271 35.2254 34.2758 39.1328 62.7179 35.7339 56.8761 60.8647 62.6083 60.9824 51.4472 65.8498 33.7766 59.7445 37.8072 32.373 53.9401 56.0002 38.5379
Cluster 7: 31.8823 34.7401 48.7488 63.3734 50.7937 49.1865 42.3064 62.7743 36.5199 51.8992 64.7189 45.1495 40.2995 34.254 51.1898 38.9821 50.2707 34.0117 59.0004 31.8165 32.9336 42.5344 51.9543 64.3824 60.137
Cluster 8: 57.3009 66.4227 53.2128 66.5047 54.9302 54.1832 50.9772 53.4678 58.3497 62.1823 43.552 41.8174 56.4328 70.1693 36.2012 35.5486 50.0257 35.3922 32.0306 35.0637 58.772 43.7669 47.9221 69.2958 39.1156
Cluster 9: 63.2949 41.6012 49.5954 43.9688 49.5669 55.057 55.3948 34.7594 34.9785 58.2502 65.8303 64.9368 43.086 64.0429 33.686 44.7678 51.3592 51.9423 64.3683 34.6947 65.3916 39.5167 49.0926 31.8679 62.9284
Cluster 10: 43.2239 62.4415 57.2152 62.1982 53.2812 48.0422 49.7791 35.7399 66.8427 40.0606 66.773 68.3832 35.5671 36.3047 37.0945 40.4597 50.6591 64.5524 35.8286 54.9261 35.6059 59.2861 45.5622 42.5067 39.6789
Cluster 11: 32.4439 33.1762 48.3599 42.1676 49.6335 49.9163 49.0262 37.9879 61.202 58.6292 33.3994 53.5392 39.5047 63.6787 48.6789 64.6438 53.9434 65.9567 64.8594 35.7233 47.7278 61.532 50.1006 67.0939 34.3039
Cluster 12: 67.1292 52.6551 50.4375 64.6697 48.5379 49.9024 51.601 62.1818 65.1907 31.7046 34.7807 64.4215 33.4022 42.4018 58.8999 61.0452 50.2493 56.2267 59.3751 52.8207 63.0648 33.8862 54.5357 62.664 65.1731
Cluster 13: 46.7114 40.2799 46.4248 39.6435 49.0414 50.1876 52.5024 64.7552 56.8123 31.8176 66.6299 34.2828 32.5415 65.2109 58.4039 38.4811 46.6925 41.4323 54.3327 64.6593 68.3909 64.1607 44.4728 44.201 37.0474
Cluster 14: 52.1573 61.9244 48.1247 60.5397 49.776 51.1609 49.119 39.6319 60.5098 53.4856 64.3668 57.931 65.4628 64.9237 63.8962 61.5039 54.6776 32.836 67.2044 62.8857 33.8272 66.3702 49.4516 53.512 68.1206
Cluster 15: 57.3776 53.1163 50.5664 34.3571 48.8863 46.0356 49.7042 36.5953 33.3209 37.6554 50.2144 66.212 56.3827 35.9139 67.5043 57.2518 45.0105 34.8699 34.8088 33.6157 64.3355 64.9215 49.3521 62.243 43.722
Cluster 16: 65.6628 62.7467 49.4448 54.0761 50.1797 47.8499 51.6423 67.4965 35.9945 33.5699 42.3451 37.8964 56.3781 47.9932 33.7394 64.635 49.4725 53.3733 64.7655 34.1857 35.0518 61.1437 49.1886 34.2076 36.3319
Cluster 17: 67.8995 46.5718 51.3739 32.0678 52.0339 52.5668 48.6929 66.5816 35.2316 65.2848 42.597 55.9105 41.2995 53.3011 46.786 38.7221 51.8553 64.8807 38.471 65.7298 34.0923 64.3312 48.7367 64.0983 64.6651
Cluster 18: 35.5168 59.3991 49.0452 65.7455 51.3721 50.0008 47.0625 63.7878 32.3086 64.9777 40.492 69.1302 59.5375 51.1367 66.7334 39.5669 48.6964 60.9115 60.2511 63.3824 61.4168 47.6615 52.6823 37.0372 33.7469
Cluster 19: 35.8354 65.2293 50.9412 36.2846 53.2516 50.7981 49.8022 38.2644 44.649 35.7681 47.6835 34.6014 67.2697 39.8913 36.0888 35.7689 46.8777 64.6373 65.0802 60.5374 61.6517 44.0244 52.2945 67.5882 60.1179
Cluster 20: 60.0181 37.924 51.988 38.5704 48.697 48.3449 47.2763 61.3411 65.2921 65.8311 63.651 56.3488 65.0951 32.4637 34.6722 64.5527 49.6299 37.4788 53.7991 66.4734 55.1459 38.9519 49.7068 55.8718 31.8133
