

Number of rows: 13611
Total time: 1694
Break in iteration: 25

Cluster 1: 74913.4 1069.14 401.82 239.059 1.68959 0.797694 76116.4 308.364 0.751639 0.984196 0.822562 0.76938 0.00539754 0.00117276 0.593528 0.992429
Cluster 2: 34764.5 690.191 251.756 175.95 1.44128 0.700905 35163 209.799 0.757089 0.988593 0.913233 0.835824 0.0073314 0.00221723 0.700941 0.997012
Cluster 3: 173708 1586.82 593.747 374.494 1.58663 0.771054 176041 469.27 0.77667 0.98689 0.864297 0.792304 0.00344074 0.000842278 0.628665 0.99183
Cluster 4: 50319 863.565 331.554 195.128 1.71578 0.789296 50989.7 252.74 0.734839 0.987003 0.850235 0.769367 0.00660073 0.00145953 0.596224 0.994381
