
[DEBUG] Running o4-kmeans-2 with: /proj/cse375-475/exchange/datasets/dataset_10000000.txt
Number of rows: 10000000
Total time: 1530284650
Break in iteration: 7422

Cluster 1: 50.0174 35.8616 34.0133 36.9322 60.6739 36.1776 34.6145 49.2101 38.763 50.583 34.2829 39.7746 39.1312 38.5089 60.7232 36.0645 50.6683 37.572 56.6094 62.9111 35.6063 61.7146 49.9373 65.8215 49.6897
Cluster 2: 50.0132 37.3683 63.4799 41.4544 62.7642 35.9871 64.7672 49.451 64.9681 49.9506 60.6513 51.715 64.3623 64.4445 36.2366 37.1602 49.8543 34.0346 65.3221 37.0649 35.8058 37.3212 49.6314 57.2553 50.3995
Cluster 3: 48.8594 64.0665 38.7235 35.75 62.3791 61.6084 63.2958 50.6697 36.3973 50.0296 40.9449 62.0559 36.302 62.0162 37.0202 62.6599 50.753 62.8199 60.4947 66.6127 34.5185 34.1922 49.883 42.067 50.6274
Cluster 4: 49.2913 34.7247 61.9827 64.0303 64.0938 46.2603 65.9337 50.4486 37.8462 49.4773 61.1147 65.3503 36.5365 36.4832 37.1896 63.0112 50.035 37.302 33.2698 60.7999 62.6256 60.1808 50.1948 59.9995 49.7321
Cluster 5: 49.7747 38.1567 38.0017 38.8696 63.941 66.0064 35.4822 49.471 61.9404 49.8155 61.9104 63.5529 64.9145 34.257 63.1558 65.2846 50.633 63.0138 55.5342 41.0416 60.4545 37.5046 50.0813 64.2784 49.7176
Cluster 6: 49.7455 35.2331 37.5709 38.3372 34.4305 62.2514 65.033 50.2835 35.3984 50.2533 36.2697 62.4076 59.278 64.3612 64.1217 38.2694 49.6479 35.4314 35.4532 39.7568 63.9676 44.5265 50.281 40.0927 50.5387
Cluster 7: 49.6869 34.5021 64.8187 64.8525 58.3459 38.3626 40.5027 49.5839 36.3115 50.3577 37.0238 36.7537 37.8774 61.8635 61.1902 64.3076 49.388 61.0291 65.9246 35.3181 62.6281 40.2289 49.3264 35.8312 50.6555
Cluster 8: 49.9503 64.9184 63.7543 37.3811 33.4913 63.5096 61.5848 50.3526 38.9002 50.3401 63.2542 39.38 39.4468 40.096 64.0598 63.8427 50.8004 37.1858 64.4632 33.9298 39.6123 63.2009 50.3553 59.3069 50.8296
Cluster 9: 50.1572 63.7592 58.5926 35.4406 59.8329 38.0141 64.0106 50.6174 64.4896 50.1047 38.2688 35.9207 62.9593 64.6315 62.2968 60.8625 49.064 62.7387 36.8251 62.4899 64.1384 65.6838 48.7499 60.9847 49.926
Cluster 10: 50.2027 40.3539 35.9483 39.1452 37.2608 35.8443 36.9424 50.8505 63.8675 49.8395 63.1384 55.6809 35.1862 62.3643 37.7994 64.2855 50.6546 57.3332 33.9996 35.2195 37.801 65.8732 50.7849 36.9128 49.9577
Cluster 11: 50.0148 47.8142 65.2835 33.3315 35.3866 40.1016 40.6307 50.1615 35.2631 51.1018 63.0761 57.2969 63.1387 38.1256 38.4772 34.2728 50.1672 66.0202 62.5294 65.4886 63.1306 58.1902 50.6926 35.108 50.1814
Cluster 12: 51.2773 61.9632 60.8217 36.5399 61.7258 64.4194 37.964 50.0291 62.2558 49.798 38.5828 34.3161 37.4817 35.1545 33.1353 39.2402 48.9465 37.2935 35.1131 39.7295 62.4356 39.0763 49.6908 36.8512 49.0742
Cluster 13: 50.4623 63.7594 33.6977 60.7607 37.7943 43.2973 35.1934 50.3406 36.7173 49.5301 62.9049 33.9526 62.4035 62.8046 35.4614 61.2439 50.2063 34.2057 49.0179 58.4692 62.995 35.3319 50.965 64.7857 49.4773
Cluster 14: 49.6865 62.3211 38.0581 61.6666 33.6898 35.5632 62.932 49.2679 63.4746 49.7218 36.1028 62.4439 34.9574 37.3637 43.1817 37.0681 50.6073 63.1879 61.4049 37.3577 63.7384 44.4571 48.9768 66.8723 49.9418
Cluster 15: 50.5248 59.2589 62.213 64.9171 55.0039 65.0141 34.09 50.3153 36.7058 50.3185 35.9331 62.2169 64.2008 61.418 38.2131 40.3505 49.6446 61.2129 41.8368 35.335 35.5134 66.3646 49.6125 65.1807 49.8721
Cluster 16: 49.5138 61.2211 64.012 58.7966 37.5032 35.95 39.4647 49.0798 60.7481 49.4142 36.702 67.301 60.8577 37.3879 65.2652 62.9989 49.059 35.7176 41.3967 62.1431 33.291 35.8711 49.1213 38.5228 50.8222
Cluster 17: 50.3637 61.7965 35.2996 63.3787 64.2383 39.9457 64.4319 49.1456 37.3167 50.2066 66.1617 37.0163 60.5779 35.1133 61.5005 37.3056 49.0808 62.6166 35.8877 38.4623 37.3442 45.8213 50.4334 34.8257 49.4127
Cluster 18: 50.4189 63.5698 42.9427 64.1829 62.5091 59.9818 41.4148 49.3611 64.3209 49.9948 64.3381 62.3359 39.6122 65.6116 64.8923 36.0828 49.6374 36.7502 64.7167 61.0193 61.244 65.4845 50.6996 36.0148 49.9106
Cluster 19: 49.8493 34.0956 38.4827 65.6557 40.4253 66.6464 61.7427 50.7355 64.2969 49.9619 36.4598 33.7935 65.6846 38.9689 35.734 60.3311 50.9505 49.0438 63.2245 60.1062 43.7663 64.3522 50.4912 36.6783 49.8913
Cluster 20: 50.2278 35.7944 62.58 58.369 34.7113 65.0785 49.9248 50.7332 60.0556 49.0083 62.8112 36.8533 34.9522 58.9615 60.177 35.4347 50.2391 65.5325 36.8506 66.8918 39.0268 34.3659 50.1442 62.1989 49.5827
[DEBUG] Running o4-kmeans-2 with: /proj/cse375-475/exchange/datasets/dataset_1000000.txt
Number of rows: 1000000
Total time: 42764686
Break in iteration: 2098

Cluster 1: 64.6209 51.1368 63.7419 50.9044 48.7438 66.1641 60.881 62.3471 61.4363 51.523 41.6298 64.7347 48.6601 60.9271 60.7484 50.7656 57.1558 34.3917 64.4904 63.3033 35.4167 63.5061 62.6267 66.8177 42.1393
Cluster 2: 36.3653 50.3671 64.8801 52.024 47.1703 38.9577 58.9339 67.6795 35.0802 49.5783 63.2045 63.7988 49.4592 33.9885 33.2574 52.6175 62.0222 50.2609 61.8163 39.9979 63.038 40.4278 60.4623 65.1596 61.9435
Cluster 3: 64.5357 52.6631 37.834 51.183 50.2666 34.1027 48.0382 66.6471 64.2764 49.2648 65.1559 37.8754 51.9849 63.4062 58.605 50.4437 59.8055 44.3506 67.8437 36.6861 39.5219 34.8184 33.2097 38.5393 57.6467
Cluster 4: 31.2952 49.6403 34.9931 50.7171 48.2845 37.3876 40.0199 36.9792 63.4804 51.7282 33.891 58.313 50.6281 35.4792 66.6644 49.8066 50.4116 62.4341 62.7827 42.6291 38.2914 62.8024 43.5342 65.8989 64.4138
Cluster 5: 63.5186 52.8635 37.1463 52.8495 49.8978 68.49 37.1415 33.5595 38.7952 48.236 64.9821 39.7951 49.8704 65.9333 54.4567 48.6411 64.3339 63.4683 44.4748 43.0394 59.0588 49.9149 66.9394 64.9386 65.6447
Cluster 6: 59.9662 49.1396 33.1086 48.291 49.8476 46.9197 64.7821 37.1331 38.4551 51.2287 33.15 60.2651 51.1536 65.1284 37.9189 51.213 31.0323 40.6368 62.6719 33.258 66.5186 43.2425 41.5732 58.6598 38.2121
Cluster 7: 42.4812 46.3877 39.6863 45.4422 47.5509 64.8794 63.7461 64.6657 33.644 53.8648 35.1001 35.5963 48.7543 37.3761 64.7394 49.3441 58.549 63.1118 47.073 37.3419 38.6131 39.711 62.7108 37.3988 32.578
Cluster 8: 65.6977 50.7555 38.4 52.182 51.1813 67.2705 40.7766 63.5115 36.7913 50.4402 49.8 66.2907 51.8269 36.2446 34.0301 48.1933 37.8321 62.9285 53.9224 63.2458 39.8795 58.9891 35.0832 36.3115 65.2401
Cluster 9: 59.589 49.869 41.9102 53.4128 50.7843 39.9024 36.4872 57.0197 54.8384 50.8799 61.2597 35.0104 51.5889 33.8319 37.0402 52.6727 35.6456 32.7357 33.5926 35.7787 38.4515 66.5521 62.4866 62.1804 36.878
Cluster 10: 43.2608 51.0464 67.3402 52.1336 47.5388 66.2747 62.3491 32.806 66.4014 48.3532 41.0511 45.9005 51.8926 48.3158 31.5741 47.6349 58.5321 40.321 36.8402 33.6422 34.7372 38.8737 39.1106 42.6874 65.6352
Cluster 11: 62.8877 51.1035 60.7016 47.253 48.1204 48.1079 35.2232 41.009 67.8471 48.5497 37.3895 34.3683 47.6864 34.1038 37.6828 49.1312 50.6821 61.9899 65.7917 66.2565 65.2273 32.6635 59.1843 49.2128 37.0396
Cluster 12: 38.3089 49.6366 63.8829 51.845 48.9091 37.8805 60.7508 39.1709 38.8796 50.9764 59.7019 33.3452 48.1943 66.6322 41.4748 49.2853 33.3189 62.1114 66.4861 61.2078 34.3755 65.1257 62.1328 37.9789 54.0097
Cluster 13: 33.4916 46.1306 36.833 50.0697 55.4546 57.9404 62.6025 62.3439 66.8079 50.1967 57.9986 41.151 47.4203 60.0256 35.8626 48.2902 60.9605 63.5938 40.1291 61.1717 64.9547 66.0227 32.0667 59.0984 36.4847
Cluster 14: 35.7175 48.7972 64.2507 50.6017 47.1364 55.1591 33.7642 65.383 37.4641 49.6364 37.5663 34.2903 51.7127 62.6499 62.2937 50.6817 33.2652 39.8912 38.6541 59.5044 55.3644 36.9906 36.6275 65.9909 61.0347
Cluster 15: 37.551 50.2167 65.4537 47.6792 53.3874 66.8289 33.209 38.1076 45.3303 50.1068 66.7377 57.4735 50.5983 42.3074 64.5201 53.6489 50.1099 39.0314 63.3862 36.9027 62.8589 62.1986 38.2459 34.7346 33.7316
Cluster 16: 62.1154 47.9211 62.6759 46.9583 52.1462 38.8927 59.5766 37.9181 47.5466 48.4293 66.8714 64.9915 46.7792 46.0416 63.212 50.8092 41.6605 68.1889 32.1824 56.0659 37.3953 33.9482 36.8122 64.0292 34.8491
Cluster 17: 57.7569 48.1628 63.7128 48.4322 50.8852 35.642 39.4498 62.8321 61.8087 51.1226 36.1082 65.8202 52.4763 66.8959 53.2617 51.3901 48.6242 64.9622 32.4733 35.2942 62.8722 61.6396 62.537 32.2962 54.5061
Cluster 18: 34.8802 53.1225 35.693 49.0824 49.8746 38.3874 32.6668 41.691 39.3209 48.1939 45.2149 65.2424 49.6223 62.554 37.54 47.6196 68.2769 35.3413 42.6642 66.3856 36.2577 38.5828 57.5912 39.1926 36.6441
Cluster 19: 39.9698 49.7401 33.3023 47.6794 52.9607 56.2304 64.6259 49.2487 67.0375 51.2505 62.2693 56.7643 49.7326 41.2687 63.9966 50.8783 32.6384 35.4966 41.9003 64.1892 63.5173 37.8041 67.678 37.0131 63.0651
Cluster 20: 65.8301 51.9044 54.4784 52.612 50.4549 33.526 64.9542 39.2135 34.5053 46.2604 41.37 37.2804 50.1656 36.1618 60.65 46.4042 67.0523 35.0845 40.5836 63.5441 63.678 66.3632 38.7245 42.8224 58.5617
[DEBUG] Running o4-kmeans-2 with: /proj/cse375-475/exchange/datasets/dataset_100000.txt
Number of rows: 100000
Total time: 1472371
Break in iteration: 663

Cluster 1: 54.3077 30.3405 42.8347 42.8975 33.1351 66.1147 62.4036 57.7781 49.1683 65.4202 43.8034 54.4729 43.3347 68.4802 70.0627 34.2149 51.7769 45.7101 44.6715 47.6163 39.3681 33.7753 62.4913 43.4068 45.9676
Cluster 2: 36.6982 67.0757 44.8161 55.572 45.2627 66.2296 65.8557 52.2828 59.6204 50.6891 53.0901 63.965 38.556 32.7319 64.0867 70.1278 35.4914 49.9288 37.1761 62.4716 48.2417 56.0859 48.2743 59.3376 36.581
Cluster 3: 54.0533 39.9217 54.1004 41.4146 68.0803 41.8953 39.4055 60.649 47.4155 67.374 48.2046 66.0786 52.2224 32.8946 37.2776 67.3273 53.1453 58.1879 31.8486 42.8676 42.673 36.9702 62.2428 39.0045 40.1731
Cluster 4: 55.1893 66.1952 56.9931 40.9784 34.2986 37.1941 34.3581 67.3033 56.6844 46.0942 58.2079 69.5058 55.1162 67.5656 61.7987 52.3205 61.6785 53.8341 43.4924 54.4849 39.3003 69.3474 38.9634 52.2219 53.2759
Cluster 5: 69.8104 49.6956 46.7779 38.7523 68.6694 58.4953 60.1747 38.8787 58.0923 34.8843 59.0354 39.9778 61.62 49.6175 50.8645 34.639 57.0353 57.4043 33.8174 47.7961 58.6024 41.7349 37.8147 60.4136 28.7854
Cluster 6: 53.3272 54.4326 56.2599 55.28 30.1767 64.352 34.811 40.2096 59.3269 30.666 51.0218 38.0205 44.6811 43.9843 41.1517 66.4075 64.9968 51.3303 65.2206 35.5772 44.8177 43.0252 65.8536 51.3215 37.8809
Cluster 7: 31.2929 36.0967 50.4008 67.1496 38.7033 34.838 63.6525 36.1724 58.5062 38.6845 49.0359 52.5263 55.3914 35.793 61.2875 40.648 64.8442 58.3006 38.4026 46.7969 55.4886 44.52 39.8242 36.8919 66.4332
Cluster 8: 61.0247 53.4595 52.3624 62.4552 60.6474 36.0908 55.281 69.4458 57.0706 61.7243 44.2569 28.8693 40.6255 37.7497 63.0834 42.961 45.9015 64.0173 62.1535 34.8571 50.9894 64.7728 56.0855 63.1754 58.6736
Cluster 9: 35.728 48.7883 47.3051 66.0938 51.7474 54.4166 55.3847 66.2135 46.864 49.9238 38.4103 34.1689 62.9977 68.9042 37.4113 60.5736 56.8235 35.3675 31.7184 44.6239 63.6309 67.6924 46.3248 46.0222 38.6871
Cluster 10: 46.0981 69.2257 40.1073 59.0625 66.2508 62.074 45.8734 58.5904 66.6667 59.9751 51.4748 61.5919 48.0068 46.8887 37.1501 33.407 64.0829 34.126 63.4695 57.6732 54.8235 33.261 50.7488 50.791 64.1206
Cluster 11: 57.8501 31.9768 53.7721 50.1093 47.7138 57.8071 51.1358 50.2597 37.2252 31.9746 46.89 63.4585 43.8283 34.9764 35.3152 33.1577 42.3978 42.8211 37.3284 54.7607 42.6002 67.4205 63.5315 63.632 66.7317
Cluster 12: 36.062 45.8928 47.8245 33.7489 65.4342 68.5587 51.6236 43.269 56.3688 50.4242 58.4915 36.1714 46.2627 64.0059 39.2314 57.3067 42.9341 67.8513 53.2587 39.003 36.8313 61.3658 38.0748 36.2039 67.5961
Cluster 13: 65.7718 67.6213 61.0469 51.5264 38.3644 59.0588 32.9978 37.2965 41.4979 61.1619 45.5065 38.2952 48.7354 48.6037 60.0851 46.9791 35.7129 40.4141 33.7384 42.0326 64.732 40.1024 38.1141 39.5629 64.6505
Cluster 14: 41.0956 51.1512 50.2698 42.8361 61.4417 40.3633 37.3216 36.8883 52.1478 55.8816 48.8657 33.628 59.2069 43.8036 68.3543 39.4937 41.7472 36.8429 60.4139 68.5411 38.2861 66.1659 64.9527 35.7091 37.6646
Cluster 15: 60.2129 33.4104 39.1764 39.7081 39.0406 37.9617 50.4869 59.8123 58.3197 47.5329 56.2055 31.227 56.5877 45.8758 41.1616 69.3812 42.9851 34.7857 58.146 67.6059 46.7343 37.7979 37.5165 62.5812 63.2468
Cluster 16: 61.7618 59.1672 42.0043 51.9037 35.1469 40.3013 68.9181 34.9337 41.6123 64.1809 48.9828 62.6223 55.8731 42.0056 29.6105 43.6373 47.682 50.3779 68.1434 45.4779 44.252 64.3488 41.1309 36.3199 36.1824
Cluster 17: 37.344 65.4893 52.8943 50.3716 45.3945 34.4096 52.9603 40.9778 33.2449 52.2973 54.327 33.5727 35.2775 64.1478 38.0121 43.9968 57.4279 61.9447 37.8293 67.2741 48.8068 34.5914 65.6025 64.0942 47.7658
Cluster 18: 54.0002 57.636 53.3429 41.2269 62.6628 35.5378 69.2475 48.6949 46.0115 31.2205 45.7775 66.3064 55.6912 65.8953 57.8324 62.9423 38.1873 42.6775 63.5754 39.7502 59.2777 40.1607 66.8121 45.2008 60.8953
Cluster 19: 54.5711 33.526 52.3145 61.4818 60.7104 60.0849 37.8817 33.805 37.8594 62.2293 44.503 63.9923 49.2497 60.0523 60.8394 66.9024 62.2441 59.696 66.3056 61.4412 64.2986 58.1616 44.1445 65.2255 51.7527
Cluster 20: 31.3768 39.6328 55.8 49.6829 49.7189 45.6656 32.9473 65.5031 37.4827 39.4396 52.5196 60.0281 49.2387 44.463 48.1268 34.5382 33.4994 53.8706 67.3833 42.1289 58.4632 35.021 32.2201 51.6201 33.4559
[DEBUG] Running o4-kmeans-2 with: /proj/cse375-475/exchange/datasets/dataset_50000000.txt
Number of rows: 50000000
Total time: 7181989525
Break in iteration: 6911

Cluster 1: 36.3624 50.1433 61.3536 63.3414 38.0228 63.3545 36.1986 62.9615 36.9717 63.3943 38.1269 50.1886 63.6562 37.4657 49.9261 64.5171 37.333 61.2924 49.9928 62.0643 37.2212 63.7756 50.0399 50.1273 63.0073
Cluster 2: 34.9391 50.181 36.1337 41.2763 36.1107 62.7037 40.3528 65.2962 61.6259 61.6413 36.6132 50.1249 36.0316 63.9108 50.3142 36.4508 37.511 37.1467 49.8977 37.0795 39.2284 34.5129 49.8875 50.0284 38.7224
Cluster 3: 63.2495 50.0321 62.4924 66.1759 63.3118 38.4527 35.1145 60.9205 63.7335 63.3436 36.2567 50.2683 35.7355 61.0375 50.0125 62.0836 63.5238 37.8914 49.7628 39.269 66.1653 59.8793 49.9116 49.4335 59.6065
Cluster 4: 36.5184 49.8261 38.4428 64.1124 63.0626 61.4123 36.3969 37.1277 64.9566 37.79 60.4744 50.1414 34.8683 36.4913 50.4932 65.2886 40.8548 63.0051 49.7436 60.408 64.1517 36.4497 49.5892 49.9607 38.7188
Cluster 5: 64.2688 49.4964 61.3868 61.8506 37.8928 41.5969 36.9532 37.256 35.1604 35.4863 62.0752 49.9822 35.705 36.0785 50.5475 38.4613 37.5359 37.4317 50.2532 34.8691 37.342 38.866 50.12 50.3682 64.5254
Cluster 6: 35.8241 50.0213 62.4682 65.3116 62.7005 63.1965 65.4433 40.5471 60.611 35.3183 36.8507 49.9975 63.4796 38.0822 49.7628 36.2668 63.5868 36.2462 50.2425 37.4567 39.4176 60.5113 50.5667 49.5398 37.9086
Cluster 7: 32.5558 50.1189 35.64 65.7534 37.028 36.5365 63.667 64.0107 38.3341 37.3439 60.8359 49.9379 60.181 61.8471 50.2847 60.4627 65.7869 35.73 49.7924 57.1619 58.281 35.6243 50.1875 50.2314 61.237
Cluster 8: 38.9511 50.021 66.0306 41.0877 36.1841 33.6414 37.7747 37.2289 37.9006 37.6543 37.4307 50.3147 37.5821 65.3264 49.7384 40.9619 62.9957 62.9737 50.4967 66.2755 51.4847 58.4605 49.9458 49.6483 31.8613
Cluster 9: 38.0959 49.9039 59.6841 36.7309 61.6664 64.5846 39.2422 38.9988 37.6288 63.8244 62.9383 49.5585 63.5669 59.6815 50.2093 38.2509 63.7576 63.6263 49.9257 33.4051 64.7857 36.918 49.9524 50.3059 64.2833
Cluster 10: 37.2363 50.2414 36.799 39.213 62.987 36.6683 64.3272 37.7914 39.2997 64.7295 38.906 50.1513 38.7781 35.2892 49.7387 36.7617 35.7075 36.599 50.3205 61.8017 64.1656 61.6317 50.2533 50.264 63.4958
Cluster 11: 64.7737 50.0211 40.1971 51.8229 63.7194 60.9026 36.0114 62.8841 37.3113 38.0974 64.4652 49.9052 64.2207 64.7298 50.0257 36.8381 35.2554 37.4 49.8612 60.2309 59.3333 67.6579 50.5587 49.6458 36.0579
Cluster 12: 59.0477 49.7064 65.3626 36.9131 62.9043 60.1073 61.5669 60.7544 37.4294 63.8037 62.8774 50.1086 36.001 40.1061 49.5766 62.3947 63.8254 36.7096 49.8151 65.5783 35.6482 36.3988 50.0745 49.9103 35.8595
Cluster 13: 62.394 50.3561 37.1301 62.2462 63.3805 37.5109 60.8669 35.0856 35.0489 60.7412 35.8691 49.6165 60.9406 64.7744 49.6337 63.3213 38.3728 63.1945 49.8544 38.1067 36.3469 38.0775 49.9453 50.1452 36.0472
Cluster 14: 62.442 49.8899 36.8377 63.7324 38.8524 63.76 62.7997 37.4239 63.2965 62.2122 63.3751 49.7606 37.8195 63.585 50.0666 36.9676 62.441 62.4345 50.2835 63.2311 36.7532 63.5589 49.4892 49.9507 63.0517
Cluster 15: 48.7584 49.953 36.8627 34.5411 35.6048 36.4991 35.8073 35.3405 62.7149 61.4437 65.2851 49.7337 65.5286 37.6301 49.8638 65.989 59.5695 37.3949 49.897 39.6476 43.367 65.2221 50.2338 50.0461 38.3624
Cluster 16: 62.403 49.8579 37.3354 37.5005 63.4021 37.6546 37.1993 63.2258 62.9419 37.6647 36.1828 49.7173 62.661 36.926 50.0721 37.4407 62.6108 61.9901 50.0193 62.7888 36.1567 36.3546 49.0843 50.6789 63.7371
Cluster 17: 36.8706 50.416 60.7917 35.2723 63.0498 38.5229 63.3334 62.8878 61.4627 35.4589 65.3869 50.4205 41.0299 62.436 50.0028 60.8952 34.4616 62.8893 49.8989 37.0818 36.5207 64.4131 49.9046 49.8234 60.8295
Cluster 18: 64.1344 49.8771 36.0097 39.0369 36.5234 64.6575 62.2829 61.7325 35.5982 36.7264 38.1078 49.7254 38.158 35.4966 50.1728 58.6606 60.5566 64.3573 50.0755 32.02 65.4245 61.1185 49.9986 49.9864 46.3865
Cluster 19: 57.6007 49.9766 65.2013 58.9911 36.3413 34.8567 64.4015 64.0598 63.564 63.8991 60.9554 50.3466 61.1125 37.1112 49.8057 33.8874 38.1003 64.2263 49.9087 49.7628 66.5347 41.279 50.2174 50.0709 34.7607
Cluster 20: 63.8531 50.0398 63.8671 35.0522 37.2296 63.3659 60.3901 34.452 64.5082 39.33 37.0695 49.9839 62.9982 62.0758 49.7744 64.0237 36.2194 37.6051 49.9114 61.9157 61.6408 39.1871 50.0699 49.7696 61.5312
[DEBUG] Running o4-kmeans-2 with: /proj/cse375-475/exchange/datasets/dataset_5000000.txt
Number of rows: 5000000
Total time: 265579191
Break in iteration: 2570

Cluster 1: 44.2898 49.6435 37.2778 32.9782 33.6479 49.5712 50.9954 64.0484 48.4282 48.2441 63.7497 37.9504 62.6998 66.5158 39.5018 49.5554 34.8185 64.5854 44.4807 36.164 33.7486 58.0904 38.2619 40.9706 39.4084
Cluster 2: 61.2311 50.5445 63.657 34.4837 65.1901 50.7282 49.0468 62.3505 51.1734 49.1135 64.4996 61.6349 39.7608 37.6189 63.5017 50.9141 36.4486 37.676 36.9267 39.4161 64.311 38.5737 38.4257 36.618 36.6734
Cluster 3: 64.5395 50.5372 63.4142 66.3149 63.7706 51.0672 49.3034 35.8178 50.547 51.0717 37.7417 36.2865 58.0665 64.1429 49.8689 49.8804 62.3824 63.326 62.7762 37.9885 45.6966 33.7365 39.2126 34.412 34.9789
Cluster 4: 35.2174 49.5313 63.8756 41.2456 37.3386 50.6276 50.8245 39.3701 48.6121 50.5768 36.6409 37.3463 36.4741 36.5995 62.7755 49.7183 35.4937 63.6911 63.2706 39.2195 60.6017 62.357 64.7523 34.2218 61.0162
Cluster 5: 63.3199 48.7596 37.9302 63.8328 65.5434 50.2212 49.5562 60.6866 50.1089 49.8498 63.721 36.403 34.4693 61.3579 37.3583 49.746 38.3432 37.327 63.9731 64.1612 52.719 61.7913 55.8529 34.3073 66.3296
Cluster 6: 60.6202 50.9495 61.1717 63.1631 34.938 48.6414 50.4625 62.2254 49.8673 50.5782 34.7132 60.6584 37.8357 34.9771 34.6726 49.7788 36.1589 63.3766 39.6768 62.5754 35.0042 35.889 35.73 54.6442 61.7349
Cluster 7: 37.3912 49.9037 43.701 35.7028 63.4338 49.8245 50.6556 60.1951 50.2466 49.3751 38.9753 63.5427 62.8174 60.294 36.7505 50.1824 63.23 65.657 37.167 61.8208 66.1313 37.2664 63.8619 34.9669 63.1576
Cluster 8: 64.3312 50.7482 61.6531 39.2595 37.4235 50.5426 49.6431 38.0188 50.9417 50.4062 59.714 66.8724 63.6479 35.8279 35.9914 50.9933 62.2555 38.9667 62.0509 61.7126 36.1147 62.8411 64.5364 35.7882 39.1177
Cluster 9: 34.4511 48.3605 61.8241 35.7025 64.8464 51.5166 50.4883 42.2375 51.2637 51.3854 41.0892 55.4905 64.1563 61.1856 63.6936 50.4826 37.0492 34.4596 63.5632 63.8754 33.0311 49.0528 33.9446 60.3502 64.8627
Cluster 10: 38.4887 50.2094 34.8978 64.029 65.4079 48.6365 49.4755 34.066 49.3832 49.0752 57.2353 66.0581 60.0375 32.5922 33.411 50.0633 37.7153 60.7647 58.6498 36.1432 62.671 61.8633 37.1138 60.9605 47.6702
Cluster 11: 55.6079 49.1262 64.6417 60.1697 64.6828 49.2929 50.4734 63.782 51.2752 50.3136 64.6444 39.3297 63.8647 38.3802 61.4227 50.313 61.7311 61.0455 35.5013 37.9993 36.2228 61.1422 65.8893 64.2487 65.4735
Cluster 12: 65.3193 49.5038 38.2214 60.0865 33.8096 49.5912 51.1829 64.5439 50.5562 50.2461 36.8016 63.874 65.8859 60.3226 62.5622 51.9076 39.0816 37.3325 64.4296 34.1916 61.2046 40.2286 65.7584 60.535 53.9196
Cluster 13: 62.6131 49.8125 59.5824 37.6958 42.8863 50.9804 50.0767 38.4522 50.0991 49.7166 37.6742 44.3051 40.3618 63.6678 34.2572 50.7171 64.5179 34.6177 34.7147 35.248 63.8527 67.1613 36.9724 63.3253 62.1278
Cluster 14: 35.9818 48.7226 63.0523 61.173 40.6763 49.6074 50.6489 35.5084 50.234 48.934 63.0556 33.7622 56.7046 56.1588 38.4076 50.3155 34.9459 38.2569 35.0955 62.8891 61.7926 33.9197 65.4193 62.9643 37.0512
Cluster 15: 37.1793 50.825 39.2261 37.762 60.6145 50.2062 49.4559 63.0771 49.8481 49.5953 38.204 38.2861 34.0225 35.5093 35.8408 48.6794 63.3257 37.1243 63.3293 38.8859 36.2996 35.5428 61.1289 63.1774 36.8861
Cluster 16: 64.6576 50.0696 33.6984 34.9276 39.347 50.5399 49.3118 39.0759 49.825 50.1226 65.5574 35.9111 50.849 38.4129 63.1159 49.3815 62.7532 63.2241 61.3742 64.7823 61.8212 34.3045 38.5825 63.0851 60.2132
Cluster 17: 35.1957 51.1353 36.1474 62.9515 39.5302 50.6175 50.1089 33.3866 50.404 51.1347 63.4296 64.2472 35.6815 56.0462 61.9191 49.0803 63.0897 39.0371 37.2045 36.9645 34.2554 36.7256 50.3157 35.7224 63.2798
Cluster 18: 34.5533 50.4384 64.4404 60.2529 41.2093 49.347 50.3217 66.4729 49.9822 51.265 62.1296 64.3562 33.7101 65.8105 57.3305 50.0652 66.3755 60.9406 65.2277 60.0799 59.6352 61.4635 42.7674 62.0093 35.4649
Cluster 19: 63.9243 50.2783 34.7397 44.7982 61.7827 48.4697 48.8051 35.6431 48.0209 49.4637 36.7695 57.9631 35.0951 60.3751 64.4992 49.3637 39.3887 63.1251 34.8259 61.9876 39.2598 62.812 65.1697 60.5596 32.5357
Cluster 20: 40.7974 50.6023 36.5531 63.6729 43.3812 49.6774 49.0994 61.2722 49.1654 49.3483 33.6699 36.4629 63.4883 34.5436 63.3285 49.164 61.1656 35.5614 36.1248 64.0559 56.1974 65.398 35.9814 37.3062 38.1548
[DEBUG] Running o4-kmeans-2 with: /proj/cse375-475/exchange/datasets/dataset_500000.txt
Number of rows: 500000
Total time: 20213681
Break in iteration: 1853

Cluster 1: 43.6705 63.8724 54.2078 36.2651 45.4494 50.6313 48.2675 33.5666 60.8101 56.5292 38.6968 32.3087 33.8474 46.3316 63.2229 37.6826 54.6044 38.7223 63.7366 58.0464 36.4657 32.9378 52.4895 34.248 38.0616
Cluster 2: 35.2782 63.2329 48.3777 37.6173 47.772 52.5204 49.2808 62.6526 63.3698 64.7162 66.7642 40.9338 62.4277 58.3779 62.2541 55.7192 53.5842 66.3992 35.5431 32.5796 62.6778 38.1194 50.8859 43.9826 63.5609
Cluster 3: 41.4564 61.3265 43.2911 64.2421 46.851 45.493 50.0976 59.1584 37.1136 58.4366 37.0041 35.6939 33.8167 65.7014 34.1203 66.8739 50.391 34.3592 34.8 61.3512 63.0734 59.2773 48.0846 39.8009 51.0447
Cluster 4: 35.3045 32.1752 48.5188 34.0144 47.7196 47.9691 52.7811 59.0006 51.2739 30.1989 37.5029 63.3417 64.5352 62.1484 62.4755 46.9055 45.0171 37.2917 39.8054 59.9353 35.2314 54.1168 49.0302 33.6239 62.6123
Cluster 5: 64.3642 32.3427 45.6775 63.5865 51.8139 47.0943 53.8549 38.2271 64.5702 62.1704 35.1073 32.4661 59.4575 36.0222 54.0591 36.226 48.5855 55.8305 36.1354 38.76 54.6443 67.0614 41.8484 37.3435 55.9829
Cluster 6: 58.1107 34.2271 52.4939 64.1064 49.4158 53.9933 51.2236 34.7136 33.4192 38.0931 62.9372 35.5005 54.1643 59.5125 62.0834 61.2338 50.672 66.4839 34.4962 61.0368 40.965 32.14 54.5354 54.4895 37.6198
Cluster 7: 30.8052 34.3234 49.1314 63.2638 53.4089 49.4546 40.2674 64.3537 38.8291 57.2915 65.9168 41.359 41.5843 32.5119 45.0953 41.1909 51.1991 34.3568 50.9751 32.6273 31.2947 45.454 52.2783 61.1117 56.8947
Cluster 8: 55.8769 64.5834 51.3148 64.2377 49.1951 52.1731 48.0587 48.6115 61.7682 44.6966 37.3711 60.6545 64.5017 67.6146 35.9015 34.3525 48.3265 39.2029 37.0028 35.1329 40.5951 36.6544 47.9528 66.3576 33.6957
Cluster 9: 62.7577 38.2971 49.0627 46.4006 50.0684 54.5505 55.0787 35.8961 34.9944 57.5941 64.009 62.4727 43.0329 66.9296 33.3364 36.6328 46.2406 44.3086 66.0125 39.7684 63.6157 39.4417 49.9013 32.6307 63.4746
Cluster 10: 41.0625 62.5956 55.6477 60.3608 50.5238 49.0275 47.2728 34.2027 66.8023 38.8317 64.469 67.7139 36.3804 37.4338 32.397 52.2745 49.5656 66.1576 37.4791 62.6684 37.578 57.46 48.1457 40.517 60.0082
Cluster 11: 33.7381 33.9414 48.9717 40.9516 48.3694 50.9733 48.4522 36.6913 52.1475 63.6889 33.2581 63.596 38.5076 61.1063 50.9284 66.1016 53.0688 66.389 61.064 34.6811 46.2162 63.7303 54.1542 62.2909 35.4793
Cluster 12: 64.6934 46.6876 50.7973 66.7661 51.7868 47.3874 50.2837 64.9917 63.0049 32.9499 34.4597 59.295 36.1754 41.2125 62.5427 64.9577 52.6285 52.2391 63.6288 38.4783 62.4167 34.1785 58.9351 49.6509 63.8835
Cluster 13: 45.7649 37.1717 46.4169 45.2606 46.2993 54.9304 52.5431 63.8878 68.0284 32.2541 65.3809 35.4824 38.2524 60.6247 45.6083 35.4252 47.6148 55.1857 63.0705 62.9212 66.5065 63.4704 46.6224 61.7543 36.6702
Cluster 14: 59.0583 59.892 49.6046 61.7228 48.728 49.8802 53.0743 41.1165 58.0937 62.6821 64.4454 51.091 66.1952 60.1358 64.1128 62.9966 54.948 35.2221 68.2997 62.9863 37.0202 65.2983 50.0343 63.4645 67.0254
Cluster 15: 58.9739 61.9677 48.8138 35.3801 47.3559 46.1839 52.0365 37.0884 37.7223 36.5559 62.5475 60.6712 37.961 37.8567 68.4539 52.5881 48.0722 33.3644 34.3241 35.4008 64.8799 63.3168 45.982 59.0358 42.1545
Cluster 16: 64.5038 62.6962 50.3584 40.8662 49.858 50.8338 50.3734 63.8331 37.809 35.3584 52.1954 38.2429 63.3669 44.6017 36.1061 61.7606 50.1142 57.9293 66.1775 34.3049 33.0232 62.7806 51.3781 32.5995 36.7236
Cluster 17: 69.544 55.5026 53.5799 32.122 53.0269 53.5401 51.7892 67.8755 37.4959 62.4014 37.8712 52.4762 35.3827 50.7961 48.9695 37.4376 47.9388 65.2347 39.9979 63.7142 36.2066 50.9443 48.913 67.4783 65.0409
Cluster 18: 38.6992 61.7085 52.0779 67.5676 53.6339 48.3713 49.2194 61.6499 33.4381 61.7137 47.4491 67.8624 60.4927 41.9979 66.6697 35.079 47.558 62.5238 61.9439 63.534 62.4223 53.1453 48.3651 39.0682 33.3182
Cluster 19: 34.8315 56.9343 52.5496 39.8606 57.1147 47.1398 48.8679 33.7368 37.1936 37.4316 34.2946 38.0671 67.735 35.9577 35.4817 47.4515 49.3078 53.0588 60.757 56.3222 66.5752 43.729 49.7068 68.1481 65.1497
Cluster 20: 61.7027 36.1595 50.5693 35.9143 51.9174 47.1308 46.7293 58.8905 63.1829 66.1411 57.2105 60.6753 62.685 33.5677 35.8693 66.5769 50.6402 36.0697 45.1584 66.7511 58.0396 37.0332 50.4278 51.6588 32.2388
